region_id,Num_Psns_UR_1_FamHhold,Num_Psns_UR_1_NonFamHhold,Num_Psns_UR_1_Total,Num_Psns_UR_2_FamHhold,Num_Psns_UR_2_NonFamHhold,Num_Psns_UR_2_Total,Num_Psns_UR_3_FamHhold,Num_Psns_UR_3_NonFamHhold,Num_Psns_UR_3_Total,Num_Psns_UR_4_FamHhold,Num_Psns_UR_4_NonFamHhold,Num_Psns_UR_4_Total,Num_Psns_UR_5_FamHhold,Num_Psns_UR_5_NonFamHhold,Num_Psns_UR_5_Total,Num_Psns_UR_6mo_FamHhold,Num_Psns_UR_6mo_NonFamHhold,Num_Psns_UR_6mo_Total,Total_FamHhold,Total_NonFamHhold,Total_Total
POA6000,0,1556,1556,1244,350,1594,347,88,435,125,40,165,44,14,58,13,16,29,1773,2064,3837
POA6003,0,525,525,410,104,514,116,37,153,64,20,84,11,7,18,7,3,10,608,696,1304
POA6004,0,1391,1391,1259,261,1520,343,83,426,131,28,159,28,9,37,14,3,17,1775,1775,3550
POA6005,0,1121,1121,751,198,949,171,60,231,67,16,83,17,6,23,5,0,5,1011,1401,2412
POA6006,0,964,964,983,158,1141,494,79,573,432,30,462,135,9,144,40,0,40,2084,1240,3324
POA6007,0,871,871,908,160,1068,302,88,390,280,28,308,78,4,82,22,3,25,1590,1154,2744
POA6008,0,2054,2054,1724,239,1963,688,104,792,694,32,726,210,6,216,46,0,46,3362,2435,5797
POA6009,0,1277,1277,1659,233,1892,833,135,968,1057,44,1101,491,24,515,129,6,135,4169,1719,5888
POA6010,0,1733,1733,1790,148,1938,732,53,785,906,18,924,399,3,402,100,4,104,3927,1959,5886
POA6011,0,816,816,993,112,1105,398,41,439,480,25,505,235,0,235,75,3,78,2181,997,3178
POA6012,0,1138,1138,925,127,1052,411,31,442,468,15,483,191,0,191,53,0,53,2048,1311,3359
POA6014,0,2214,2214,1934,240,2174,907,72,979,1251,24,1275,509,7,516,137,0,137,4738,2557,7295
POA6015,0,399,399,691,26,717,291,12,303,423,12,435,244,0,244,70,0,70,1719,449,2168
POA6016,0,1104,1104,994,172,1166,531,75,606,575,44,619,175,7,182,35,7,42,2310,1409,3719
POA6017,0,847,847,505,94,599,191,27,218,113,6,119,36,0,36,15,0,15,860,974,1834
POA6018,0,3368,3368,4167,459,4626,1933,145,2078,2102,51,2153,717,10,727,196,5,201,9115,4038,13153
POA6019,0,2583,2583,2707,426,3133,1009,183,1192,927,27,954,290,11,301,79,0,79,5012,3230,8242
POA6020,0,1487,1487,2448,112,2560,1173,40,1213,1443,5,1448,518,0,518,139,0,139,5721,1644,7365
POA6021,0,1924,1924,2380,204,2584,1127,63,1190,1107,23,1130,420,6,426,159,0,159,5193,2220,7413
POA6022,0,390,390,711,47,758,308,14,322,299,0,299,108,0,108,41,3,44,1467,454,1921
POA6023,0,780,780,1717,61,1778,939,22,961,1189,6,1195,390,0,390,120,0,120,4355,869,5224
POA6024,0,991,991,1725,113,1838,896,24,920,808,16,824,314,3,317,112,0,112,3855,1147,5002
POA6025,0,2008,2008,3508,264,3772,1848,68,1916,2013,18,2031,774,3,777,228,3,231,8371,2364,10735
POA6026,0,1289,1289,2368,85,2453,1375,22,1397,1759,6,1765,611,3,614,189,0,189,6302,1405,7707
POA6027,0,2554,2554,4740,364,5104,2526,122,2648,2826,49,2875,1114,19,1133,379,4,383,11585,3112,14697
POA6028,0,647,647,1657,75,1732,1192,24,1216,1826,10,1836,680,0,680,227,0,227,5582,756,6338
POA6029,0,193,193,295,21,316,147,11,158,193,0,193,70,0,70,16,0,16,721,225,946
POA6030,0,1942,1942,3745,230,3975,2107,47,2154,2529,12,2541,1025,4,1029,510,3,513,9916,2238,12154
POA6031,0,373,373,946,61,1007,702,17,719,894,8,902,367,0,367,158,0,158,3067,459,3526
POA6032,0,13,13,16,3,19,4,3,7,8,0,8,17,0,17,3,0,3,48,19,67
POA6033,0,31,31,69,3,72,33,0,33,56,0,56,18,0,18,13,0,13,189,34,223
POA6035,0,281,281,489,34,523,246,3,249,239,0,239,95,0,95,50,0,50,1119,318,1437
POA6036,0,416,416,905,62,967,608,11,619,841,3,844,363,3,366,166,0,166,2883,495,3378
POA6037,0,207,207,309,21,330,113,3,116,130,0,130,43,0,43,22,0,22,617,231,848
POA6041,0,85,85,231,10,241,47,0,47,63,0,63,27,0,27,21,0,21,389,95,484
POA6042,0,4,4,14,3,17,3,0,3,3,0,3,0,0,0,0,0,0,20,7,27
POA6043,0,20,20,40,0,40,6,0,6,6,0,6,4,0,4,0,0,0,56,20,76
POA6044,0,121,121,209,13,222,36,3,39,52,0,52,20,0,20,14,0,14,331,137,468
POA6050,0,1822,1822,1705,285,1990,663,108,771,733,34,767,312,4,316,80,3,83,3493,2256,5749
POA6051,0,2346,2346,1671,380,2051,624,94,718,398,26,424,116,5,121,44,3,47,2853,2854,5707
POA6052,0,1246,1246,1222,174,1396,603,63,666,615,15,630,198,3,201,58,3,61,2696,1504,4200
POA6053,0,1573,1573,1663,224,1887,815,58,873,712,20,732,210,4,214,88,3,91,3488,1882,5370
POA6054,0,2174,2174,2353,249,2602,1197,52,1249,1066,20,1086,407,3,410,190,3,193,5213,2501,7714
POA6055,0,861,861,1244,108,1352,705,13,718,723,6,729,303,0,303,120,3,123,3095,991,4086
POA6056,0,3455,3455,4266,370,4636,2176,67,2243,1933,20,1953,841,3,844,426,3,429,9642,3918,13560
POA6057,0,994,994,1890,141,2031,889,31,920,995,10,1005,428,0,428,186,3,189,4388,1179,5567
POA6058,0,1040,1040,1429,114,1543,754,28,782,627,8,635,271,0,271,124,0,124,3205,1190,4395
POA6059,0,2514,2514,2610,246,2856,1253,45,1298,1336,18,1354,549,13,562,198,5,203,5946,2841,8787
POA6060,0,4016,4016,3017,441,3458,1173,114,1287,824,39,863,242,6,248,108,3,111,5364,4619,9983
POA6061,0,3543,3543,3519,504,4023,1861,119,1980,1432,37,1469,713,11,724,649,3,652,8174,4217,12391
POA6062,0,2585,2585,3777,324,4101,1851,73,1924,1758,29,1787,775,12,787,334,6,340,8495,3029,11524
POA6063,0,790,790,1183,83,1266,843,24,867,924,10,934,397,5,402,267,3,270,3614,915,4529
POA6064,0,2197,2197,2840,231,3071,1738,42,1780,1742,12,1754,837,5,842,630,4,634,7787,2491,10278
POA6065,0,2658,2658,5067,280,5347,3102,58,3160,3756,16,3772,1538,4,1542,721,0,721,14184,3016,17200
POA6066,0,902,902,1565,96,1661,1105,19,1124,1360,7,1367,601,4,605,364,0,364,4995,1028,6023
POA6067,0,6,6,11,0,11,5,0,5,0,0,0,0,0,0,4,0,4,20,6,26
POA6068,0,3,3,0,0,0,0,0,0,0,0,0,0,0,0,0,0,0,0,3,3
POA6069,0,1048,1048,2489,113,2602,1496,14,1510,1873,9,1882,775,0,775,349,0,349,6982,1184,8166
POA6070,0,203,203,459,15,474,213,0,213,238,0,238,107,0,107,27,0,27,1044,218,1262
POA6071,0,161,161,435,14,449,198,0,198,233,0,233,104,0,104,25,0,25,995,175,1170
POA6072,0,45,45,101,3,104,43,0,43,51,0,51,24,0,24,16,0,16,235,48,283
POA6073,0,296,296,410,18,428,155,6,161,166,0,166,77,0,77,34,0,34,842,320,1162
POA6074,0,45,45,138,4,142,61,0,61,51,0,51,25,0,25,13,0,13,288,49,337
POA6076,0,1406,1406,2809,90,2899,1187,13,1200,1314,3,1317,579,3,582,211,0,211,6100,1515,7615
POA6077,0,97,97,173,5,178,77,0,77,81,0,81,55,0,55,27,0,27,413,102,515
POA6078,0,19,19,82,4,86,40,0,40,61,0,61,29,0,29,19,3,22,231,26,257
POA6079,0,0,0,0,3,3,0,0,0,0,0,0,0,0,0,0,0,0,0,3,3
POA6081,0,200,200,508,15,523,278,8,286,338,5,343,143,0,143,60,0,60,1327,228,1555
POA6082,0,158,158,362,10,372,178,0,178,192,3,195,90,3,93,45,0,45,867,174,1041
POA6083,0,171,171,443,14,457,181,0,181,212,0,212,90,0,90,46,0,46,972,185,1157
POA6084,0,284,284,739,44,783,371,6,377,419,0,419,174,0,174,89,0,89,1792,334,2126
POA6090,0,4,4,0,0,0,0,0,0,0,0,0,0,0,0,0,0,0,0,4,4
POA6100,0,1808,1808,1832,342,2174,774,151,925,516,37,553,143,8,151,53,6,59,3318,2352,5670
POA6101,0,1915,1915,1815,331,2146,832,131,963,666,53,719,226,11,237,98,12,110,3637,2453,6090
POA6102,0,1846,1846,1155,235,1390,568,198,766,429,133,562,200,74,274,119,46,165,2471,2532,5003
POA6103,0,1171,1171,1006,207,1213,462,69,531,325,27,352,113,6,119,62,4,66,1968,1484,3452
POA6104,0,1443,1443,1532,224,1756,767,85,852,560,18,578,251,7,258,116,5,121,3226,1782,5008
POA6105,0,1475,1475,1570,202,1772,768,70,838,656,22,678,293,6,299,164,6,170,3451,1781,5232
POA6106,0,0,3,0,0,0,0,0,0,0,0,0,0,0,0,0,0,0,3,0,3
POA6107,0,2972,2972,3702,511,4213,2066,187,2253,1867,103,1970,875,46,921,565,31,596,9075,3850,12925
POA6108,0,1507,1507,2470,179,2649,1423,34,1457,1363,16,1379,617,5,622,369,5,374,6242,1746,7988
POA6109,0,1005,1005,1158,125,1283,624,40,664,474,7,481,219,5,224,182,6,188,2657,1188,3845
POA6110,0,2724,2724,3623,318,3941,2049,57,2106,2064,15,2079,859,3,862,479,5,484,9074,3122,12196
POA6111,0,1672,1672,2687,175,2862,1328,32,1360,1233,7,1240,506,3,509,272,0,272,6026,1889,7915
POA6112,0,2968,2968,4426,360,4786,2389,53,2442,2192,23,2215,1015,3,1018,622,3,625,10644,3410,14054
POA6121,0,86,86,249,11,260,147,0,147,194,4,198,84,0,84,62,0,62,736,101,837
POA6122,0,335,335,944,60,1004,552,12,564,601,0,601,289,0,289,173,0,173,2559,407,2966
POA6123,0,67,67,152,4,156,84,0,84,90,0,90,51,0,51,26,0,26,403,71,474
POA6124,0,72,72,134,3,137,58,0,58,63,0,63,28,0,28,15,0,15,298,75,373
POA6125,0,141,141,354,9,363,133,3,136,175,0,175,61,0,61,43,0,43,766,153,919
POA6126,0,16,16,41,3,44,12,0,12,15,0,15,4,0,4,0,0,0,72,19,91
POA6147,0,1302,1302,1621,138,1759,927,30,957,821,23,844,369,9,378,225,3,228,3963,1505,5468
POA6148,0,1441,1441,1946,135,2081,944,35,979,1106,21,1127,471,6,477,157,0,157,4624,1638,6262
POA6149,0,1062,1062,1946,93,2039,1203,38,1241,1387,27,1414,503,7,510,173,4,177,5212,1231,6443
POA6150,0,617,617,1216,83,1299,682,68,750,941,69,1010,409,38,447,180,13,193,3428,888,4316
POA6151,0,2104,2104,2125,311,2436,832,97,929,810,24,834,275,3,278,52,3,55,4094,2542,6636
POA6152,0,3063,3063,3025,444,3469,1188,165,1353,1119,48,1167,399,11,410,151,7,158,5882,3738,9620
POA6153,0,1729,1729,2399,175,2574,1072,55,1127,1174,20,1194,436,4,440,107,3,110,5188,1986,7174
POA6154,0,1050,1050,1136,71,1207,562,29,591,571,9,580,232,3,235,68,0,68,2569,1162,3731
POA6155,0,1811,1811,4047,235,4282,2811,77,2888,3740,26,3766,1509,9,1518,663,8,671,12770,2166,14936
POA6156,0,1596,1596,1853,179,2032,831,54,885,1003,15,1018,388,6,394,135,0,135,4210,1850,6060
POA6157,0,1879,1879,1741,157,1898,717,37,754,673,7,680,236,0,236,46,0,46,3413,2080,5493
POA6158,0,697,697,788,88,876,356,23,379,434,3,437,188,3,191,31,0,31,1797,814,2611
POA6159,0,369,369,390,53,443,158,22,180,87,3,90,28,0,28,4,0,4,667,447,1114
POA6160,0,1292,1292,1088,194,1282,345,71,416,255,24,279,87,4,91,18,0,18,1793,1585,3378
POA6161,0,18,18,12,0,12,0,4,4,4,0,4,0,0,0,0,0,0,16,22,38
POA6162,0,1337,1337,1318,148,1466,598,49,647,524,11,535,205,6,211,61,3,64,2706,1554,4260
POA6163,0,4783,4783,5694,552,6246,2775,164,2939,2583,60,2643,960,23,983,412,4,416,12424,5586,18010
POA6164,0,2299,2299,4629,366,4995,2975,95,3070,3428,29,3457,1318,9,1327,549,4,553,12899,2802,15701
POA6165,0,6,6,12,0,12,3,0,3,4,0,4,4,0,4,3,0,3,26,6,32
POA6166,0,542,542,954,45,999,454,11,465,572,0,572,238,3,241,75,3,78,2293,604,2897
POA6167,0,1923,1923,2387,227,2614,1342,31,1373,1151,3,1154,513,5,518,296,3,299,5689,2192,7881
POA6168,0,3053,3053,3248,291,3539,1213,38,1251,993,5,998,421,3,424,194,0,194,6069,3390,9459
POA6169,0,2728,2728,4132,265,4397,1954,47,2001,1975,4,1979,827,3,830,406,0,406,9294,3047,12341
POA6170,0,285,285,629,57,686,389,14,403,411,3,414,177,0,177,116,0,116,1722,359,2081
POA6171,0,617,617,1586,104,1690,918,18,936,1177,4,1181,470,3,473,215,0,215,4366,746,5112
POA6172,0,499,499,1179,70,1249,790,20,810,992,3,995,462,3,465,225,0,225,3648,595,4243
POA6173,0,245,245,722,65,787,590,13,603,949,0,949,360,0,360,160,0,160,2781,323,3104
POA6174,0,129,129,229,20,249,128,0,128,126,0,126,63,0,63,23,0,23,569,149,718
POA6175,0,124,124,282,11,293,161,5,166,229,0,229,99,0,99,37,0,37,808,140,948
POA6176,0,28,28,74,5,79,32,0,32,50,0,50,23,0,23,15,0,15,194,33,227
POA6180,0,161,161,355,15,370,218,7,225,236,0,236,87,0,87,41,0,41,937,183,1120
POA6181,0,14,14,44,0,44,29,0,29,27,0,27,19,0,19,10,0,10,129,14,143
POA6182,0,0,0,0,0,0,0,0,0,0,0,0,0,0,0,0,0,0,0,0,0
POA6207,0,66,66,128,3,131,49,3,52,67,0,67,30,0,30,13,0,13,287,72,359
POA6208,0,799,799,1421,64,1485,456,6,462,489,0,489,207,0,207,103,0,103,2676,869,3545
POA6209,0,218,218,254,8,262,80,3,83,94,0,94,37,0,37,13,0,13,478,229,707
POA6210,0,6088,6088,8880,620,9500,3059,68,3127,2935,15,2950,1174,3,1177,523,0,523,16571,6794,23365
POA6211,0,355,355,790,27,817,265,3,268,350,0,350,133,0,133,48,0,48,1586,385,1971
POA6213,0,73,73,100,9,109,30,0,30,37,0,37,15,0,15,9,0,9,191,82,273
POA6214,0,23,23,39,3,42,22,0,22,24,0,24,9,0,9,4,0,4,98,26,124
POA6215,0,337,337,500,17,517,168,4,172,185,3,188,91,0,91,35,0,35,979,361,1340
POA6218,0,55,55,54,7,61,18,0,18,20,0,20,9,0,9,7,0,7,108,62,170
POA6220,0,404,404,578,29,607,285,6,291,231,3,234,111,0,111,45,3,48,1250,445,1695
POA6221,0,27,27,54,0,54,19,0,19,25,0,25,17,0,17,4,0,4,119,27,146
POA6224,0,107,107,124,12,136,67,3,70,62,0,62,37,0,37,17,0,17,307,122,429
POA6225,0,884,884,1081,58,1139,502,9,511,445,0,445,201,0,201,98,0,98,2327,951,3278
POA6226,0,31,31,67,3,70,36,0,36,44,0,44,24,0,24,5,0,5,176,34,210
POA6227,0,24,24,58,3,61,21,0,21,36,0,36,17,0,17,6,0,6,138,27,165
POA6229,0,58,58,57,10,67,17,3,20,29,0,29,15,0,15,3,0,3,121,71,192
POA6230,0,3963,3963,4994,437,5431,2235,102,2337,2195,24,2219,839,8,847,343,0,343,10606,4534,15140
POA6232,0,586,586,1138,67,1205,556,10,566,573,7,580,230,3,233,97,3,100,2594,676,3270
POA6233,0,821,821,1862,88,1950,859,16,875,1035,5,1040,432,3,435,164,0,164,4352,933,5285
POA6236,0,98,98,242,10,252,103,0,103,137,0,137,50,0,50,19,0,19,551,108,659
POA6237,0,149,149,343,13,356,140,0,140,156,0,156,60,0,60,31,0,31,730,162,892
POA6239,0,303,303,569,22,591,191,3,194,232,0,232,89,0,89,42,0,42,1123,328,1451
POA6240,0,23,23,44,0,44,12,3,15,17,0,17,3,0,3,5,0,5,81,26,107
POA6244,0,168,168,244,8,252,58,0,58,87,0,87,35,0,35,15,0,15,439,176,615
POA6251,0,39,39,63,0,63,25,0,25,14,0,14,15,0,15,6,0,6,123,39,162
POA6253,0,69,69,128,3,131,21,0,21,20,0,20,5,0,5,5,0,5,179,72,251
POA6254,0,75,75,105,8,113,33,0,33,24,0,24,13,0,13,7,0,7,182,83,265
POA6255,0,368,368,546,24,570,162,3,165,169,0,169,73,0,73,34,0,34,984,395,1379
POA6256,0,16,16,37,0,37,6,0,6,12,0,12,11,0,11,0,0,0,66,16,82
POA6258,0,663,663,836,42,878,314,6,320,305,0,305,165,0,165,62,0,62,1682,711,2393
POA6260,0,120,120,213,6,219,78,0,78,75,3,78,37,0,37,23,0,23,426,129,555
POA6262,0,86,86,120,9,129,48,0,48,31,0,31,16,0,16,3,0,3,218,95,313
POA6271,0,201,201,362,23,385,155,0,155,131,0,131,64,0,64,36,0,36,748,224,972
POA6275,0,147,147,224,14,238,50,0,50,41,0,41,29,0,29,12,0,12,356,161,517
POA6280,0,2063,2063,3101,174,3275,1171,28,1199,1284,9,1293,541,0,541,223,0,223,6320,2274,8594
POA6281,0,370,370,714,64,778,275,24,299,354,4,358,131,3,134,27,0,27,1501,465,1966
POA6282,0,68,68,157,10,167,66,0,66,92,0,92,22,0,22,7,0,7,344,78,422
POA6284,0,103,103,174,11,185,95,0,95,92,0,92,39,0,39,9,0,9,409,114,523
POA6285,0,576,576,828,73,901,453,34,487,432,12,444,178,0,178,41,0,41,1932,695,2627
POA6286,0,48,48,94,4,98,30,0,30,27,0,27,7,0,7,3,0,3,161,52,213
POA6288,0,32,32,76,3,79,13,0,13,22,0,22,3,0,3,4,0,4,118,35,153
POA6290,0,238,238,285,17,302,79,0,79,46,0,46,19,0,19,7,0,7,436,255,691
POA6302,0,349,349,541,27,568,148,0,148,160,0,160,74,0,74,30,0,30,953,376,1329
POA6304,0,202,202,273,9,282,71,3,74,55,0,55,27,0,27,18,0,18,444,214,658
POA6306,0,99,99,123,4,127,46,0,46,38,0,38,12,0,12,14,0,14,233,103,336
POA6308,0,136,136,262,12,274,83,0,83,66,0,66,35,0,35,18,0,18,464,148,612
POA6309,0,29,29,45,3,48,17,0,17,6,0,6,9,0,9,3,0,3,80,32,112
POA6311,0,52,52,90,0,90,23,0,23,43,0,43,13,0,13,5,0,5,174,52,226
POA6312,0,495,495,612,39,651,212,11,223,209,0,209,128,0,128,53,0,53,1214,545,1759
POA6313,0,22,22,60,4,64,23,0,23,23,0,23,5,0,5,3,0,3,114,26,140
POA6315,0,220,220,271,12,283,81,0,81,79,0,79,40,0,40,25,0,25,496,232,728
POA6316,0,36,36,52,3,55,28,0,28,30,0,30,7,0,7,0,0,0,117,39,156
POA6317,0,414,414,474,39,513,186,8,194,180,0,180,125,0,125,86,0,86,1051,461,1512
POA6318,0,22,22,30,0,30,13,0,13,11,0,11,9,0,9,5,0,5,68,22,90
POA6320,0,69,69,103,0,103,43,0,43,47,0,47,30,0,30,17,0,17,240,69,309
POA6321,0,33,33,39,0,39,12,0,12,11,0,11,5,0,5,5,0,5,72,33,105
POA6322,0,37,37,83,0,83,17,0,17,17,0,17,13,0,13,3,0,3,133,37,170
POA6323,0,77,77,157,11,168,49,0,49,42,0,42,23,0,23,7,0,7,278,88,366
POA6324,0,290,290,450,12,462,158,0,158,134,0,134,66,0,66,34,0,34,842,302,1144
POA6326,0,21,21,79,3,82,23,0,23,33,0,33,8,0,8,10,0,10,153,24,177
POA6327,0,27,27,40,4,44,17,0,17,10,0,10,5,0,5,10,0,10,82,31,113
POA6328,0,39,39,61,4,65,15,0,15,24,0,24,14,0,14,0,0,0,114,43,157
POA6330,0,3248,3248,4321,270,4591,1687,48,1735,1622,8,1630,689,3,692,354,3,357,8673,3580,12253
POA6333,0,569,569,802,36,838,253,9,262,246,0,246,86,0,86,36,0,36,1423,614,2037
POA6335,0,90,90,89,7,96,26,0,26,41,0,41,30,0,30,20,0,20,206,97,303
POA6336,0,29,29,41,0,41,10,0,10,9,0,9,5,0,5,3,0,3,68,29,97
POA6337,0,42,42,62,6,68,31,0,31,25,0,25,18,0,18,0,0,0,136,48,184
POA6338,0,93,93,79,8,87,33,0,33,47,0,47,13,0,13,8,0,8,180,101,281
POA6341,0,32,32,47,0,47,9,0,9,18,0,18,11,0,11,0,0,0,85,32,117
POA6343,0,19,19,35,0,35,5,0,5,13,0,13,14,0,14,0,0,0,67,19,86
POA6346,0,68,68,76,3,79,23,0,23,26,0,26,16,0,16,9,0,9,150,71,221
POA6348,0,134,134,187,7,194,53,0,53,67,0,67,34,0,34,11,0,11,352,141,493
POA6350,0,36,36,45,0,45,12,0,12,0,0,0,3,0,3,3,0,3,63,36,99
POA6352,0,40,40,57,3,60,16,0,16,21,0,21,15,0,15,5,0,5,114,43,157
POA6353,0,86,86,109,5,114,34,0,34,30,0,30,24,0,24,5,0,5,202,91,293
POA6355,0,92,92,113,3,116,39,3,42,44,0,44,23,0,23,6,0,6,225,98,323
POA6358,0,17,17,46,0,46,9,0,9,15,0,15,4,0,4,0,0,0,74,17,91
POA6359,0,40,40,43,3,46,16,0,16,23,0,23,8,0,8,4,0,4,94,43,137
POA6365,0,73,73,89,3,92,30,3,33,28,0,28,11,0,11,9,0,9,167,79,246
POA6367,0,38,38,34,3,37,9,0,9,8,0,8,8,0,8,8,0,8,67,41,108
POA6368,0,18,18,36,0,36,9,0,9,8,0,8,6,0,6,0,0,0,59,18,77
POA6369,0,68,68,108,0,108,31,0,31,22,0,22,13,0,13,3,0,3,177,68,245
POA6370,0,63,63,81,4,85,31,0,31,22,0,22,7,0,7,10,0,10,151,67,218
POA6373,0,24,24,38,0,38,10,0,10,13,0,13,9,0,9,0,0,0,70,24,94
POA6375,0,124,124,135,5,140,26,0,26,33,0,33,16,0,16,9,0,9,219,129,348
POA6383,0,121,121,173,13,186,36,0,36,45,0,45,17,0,17,15,0,15,286,134,420
POA6386,0,30,30,34,0,34,5,0,5,15,0,15,10,0,10,4,0,4,68,30,98
POA6390,0,124,124,205,10,215,86,0,86,91,0,91,39,0,39,24,0,24,445,134,579
POA6391,0,88,88,161,6,167,47,3,50,32,0,32,25,0,25,5,0,5,270,97,367
POA6392,0,52,52,75,3,78,28,0,28,23,0,23,14,0,14,4,0,4,144,55,199
POA6393,0,40,40,66,0,66,19,0,19,17,0,17,11,0,11,3,0,3,116,40,156
POA6394,0,28,28,60,4,64,26,0,26,26,0,26,7,0,7,6,0,6,125,32,157
POA6395,0,158,158,229,12,241,72,0,72,80,0,80,26,0,26,17,0,17,424,170,594
POA6396,0,41,41,43,3,46,17,0,17,18,0,18,11,0,11,0,0,0,89,44,133
POA6397,0,40,40,39,4,43,14,0,14,11,0,11,5,0,5,3,0,3,72,44,116
POA6398,0,63,63,100,3,103,24,0,24,16,0,16,12,0,12,4,0,4,156,66,222
POA6401,0,754,754,917,69,986,351,3,354,352,4,356,166,0,166,97,0,97,1883,830,2713
POA6403,0,22,22,27,0,27,10,0,10,7,0,7,9,0,9,3,0,3,56,22,78
POA6405,0,24,24,45,5,50,9,0,9,17,0,17,6,0,6,3,0,3,80,29,109
POA6407,0,98,98,138,6,144,48,7,55,43,0,43,24,0,24,7,0,7,260,111,371
POA6409,0,44,44,43,5,48,21,0,21,15,0,15,17,0,17,3,0,3,99,49,148
POA6410,0,121,121,151,7,158,51,0,51,61,0,61,27,0,27,17,0,17,307,128,435
POA6413,0,7,7,29,0,29,11,0,11,8,0,8,3,0,3,0,0,0,51,7,58
POA6415,0,341,341,353,25,378,142,0,142,117,0,117,64,3,67,28,0,28,704,369,1073
POA6418,0,89,89,121,5,126,28,0,28,30,0,30,10,0,10,14,0,14,203,94,297
POA6421,0,19,19,28,0,28,12,0,12,13,0,13,10,0,10,3,0,3,66,19,85
POA6423,0,29,29,35,3,38,9,0,9,14,0,14,9,0,9,0,0,0,67,32,99
POA6425,0,18,18,27,0,27,6,0,6,13,0,13,0,0,0,0,0,0,46,18,64
POA6426,0,117,117,125,3,128,50,0,50,55,0,55,25,0,25,9,0,9,264,120,384
POA6429,0,131,131,130,7,137,46,0,46,48,3,51,25,0,25,24,0,24,273,141,414
POA6430,0,1594,1594,2090,250,2340,1145,65,1210,1252,27,1279,604,9,613,288,0,288,5379,1945,7324
POA6431,0,38,38,21,4,25,15,0,15,11,0,11,18,0,18,35,0,35,100,42,142
POA6432,0,594,594,726,84,810,408,26,434,349,0,349,175,0,175,111,3,114,1769,707,2476
POA6434,0,5,5,3,0,3,7,0,7,6,0,6,3,0,3,7,0,7,26,5,31
POA6436,0,22,22,14,0,14,7,0,7,6,0,6,3,0,3,3,0,3,33,22,55
POA6437,0,27,27,44,3,47,22,0,22,49,0,49,19,0,19,10,0,10,144,30,174
POA6438,0,81,81,58,6,64,22,0,22,21,0,21,12,0,12,16,0,16,129,87,216
POA6440,0,76,76,54,7,61,21,0,21,11,0,11,10,0,10,17,0,17,113,83,196
POA6442,0,201,201,231,21,252,139,6,145,160,0,160,77,0,77,40,0,40,647,228,875
POA6443,0,124,124,120,9,129,43,0,43,37,3,40,13,0,13,8,0,8,221,136,357
POA6445,0,18,18,19,0,19,8,0,8,7,0,7,8,0,8,0,0,0,42,18,60
POA6447,0,27,27,45,0,45,15,0,15,20,0,20,24,0,24,13,0,13,117,27,144
POA6448,0,31,31,46,3,49,22,0,22,11,0,11,7,0,7,8,0,8,94,34,128
POA6450,0,1117,1117,1492,80,1572,618,10,628,654,4,658,295,0,295,123,3,126,3182,1214,4396
POA6460,0,107,107,143,10,153,42,5,47,47,0,47,26,0,26,11,0,11,269,122,391
POA6461,0,60,60,65,3,68,16,0,16,12,0,12,6,0,6,6,0,6,105,63,168
POA6462,0,21,21,45,3,48,16,0,16,9,0,9,15,0,15,5,0,5,90,24,114
POA6468,0,17,17,15,3,18,14,0,14,9,0,9,9,0,9,7,0,7,54,20,74
POA6472,0,16,16,31,0,31,7,0,7,9,0,9,5,0,5,3,0,3,55,16,71
POA6475,0,52,52,61,6,67,23,0,23,20,0,20,6,0,6,7,0,7,117,58,175
POA6477,0,38,38,38,3,41,21,0,21,12,0,12,4,0,4,4,0,4,79,41,120
POA6479,0,53,53,90,0,90,27,0,27,25,0,25,12,0,12,0,0,0,154,53,207
POA6484,0,8,8,12,0,12,4,0,4,3,0,3,0,0,0,0,0,0,19,8,27
POA6485,0,89,89,69,5,74,24,0,24,20,0,20,12,0,12,0,0,0,125,94,219
POA6488,0,44,44,54,3,57,8,0,8,16,0,16,12,0,12,4,0,4,94,47,141
POA6490,0,29,29,33,3,36,7,0,7,6,0,6,3,0,3,7,0,7,56,32,88
POA6501,0,70,70,120,0,120,59,0,59,52,0,52,34,0,34,19,0,19,284,70,354
POA6502,0,84,84,155,12,167,43,3,46,56,0,56,20,0,20,11,0,11,285,99,384
POA6503,0,181,181,268,4,272,104,4,108,104,0,104,49,0,49,28,0,28,553,189,742
POA6505,0,21,21,43,0,43,12,0,12,12,0,12,7,0,7,3,0,3,77,21,98
POA6507,0,26,26,72,0,72,26,0,26,19,0,19,5,0,5,3,0,3,125,26,151
POA6509,0,39,39,37,3,40,18,3,21,13,0,13,7,0,7,5,0,5,80,45,125
POA6510,0,186,186,251,21,272,109,4,113,91,0,91,44,0,44,35,0,35,530,211,741
POA6511,0,54,54,97,4,101,16,0,16,10,0,10,7,0,7,3,0,3,133,58,191
POA6513,0,15,15,21,0,21,11,0,11,12,0,12,5,0,5,3,0,3,52,15,67
POA6514,0,76,76,100,5,105,18,0,18,23,0,23,14,0,14,3,0,3,158,81,239
POA6515,0,59,59,66,0,66,19,0,19,28,0,28,9,0,9,3,0,3,125,59,184
POA6516,0,169,169,201,9,210,70,0,70,75,0,75,30,0,30,13,0,13,389,178,567
POA6517,0,62,62,59,3,62,15,0,15,25,0,25,6,3,9,3,0,3,108,68,176
POA6518,0,13,13,18,0,18,3,0,3,5,0,5,3,0,3,0,0,0,29,13,42
POA6519,0,76,76,91,6,97,28,0,28,28,0,28,10,0,10,9,0,9,166,82,248
POA6521,0,22,22,50,3,53,25,0,25,11,0,11,8,0,8,6,0,6,100,25,125
POA6522,0,55,55,63,0,63,24,0,24,24,0,24,11,0,11,7,0,7,129,55,184
POA6525,0,319,319,511,25,536,166,3,169,175,3,178,98,0,98,27,0,27,977,350,1327
POA6528,0,22,22,43,3,46,15,0,15,7,0,7,10,0,10,3,0,3,78,25,103
POA6530,0,2951,2951,3673,293,3966,1731,57,1788,1680,10,1690,740,3,743,421,3,424,8245,3317,11562
POA6532,0,395,395,684,33,717,290,0,290,326,0,326,153,0,153,62,3,65,1515,431,1946
POA6535,0,165,165,262,10,272,71,0,71,55,3,58,29,0,29,14,0,14,431,178,609
POA6536,0,172,172,238,8,246,63,0,63,63,0,63,35,0,35,13,0,13,412,180,592
POA6537,0,97,97,111,10,121,26,0,26,27,0,27,5,0,5,0,0,0,169,107,276
POA6556,0,135,135,232,11,243,95,0,95,116,0,116,60,0,60,20,0,20,523,146,669
POA6558,0,62,62,100,4,104,38,0,38,48,0,48,17,0,17,11,0,11,214,66,280
POA6560,0,96,96,146,8,154,57,0,57,62,0,62,39,0,39,30,0,30,334,104,438
POA6562,0,85,85,175,8,183,61,3,64,47,0,47,29,0,29,12,0,12,324,96,420
POA6564,0,29,29,52,0,52,16,0,16,19,3,22,5,0,5,3,0,3,95,32,127
POA6566,0,272,272,490,18,508,157,0,157,120,0,120,58,5,63,37,0,37,862,295,1157
POA6567,0,32,32,69,0,69,18,0,18,20,0,20,5,0,5,4,0,4,116,32,148
POA6568,0,21,21,23,3,26,9,0,9,20,0,20,7,0,7,4,0,4,63,24,87
POA6569,0,44,44,42,5,47,12,0,12,18,0,18,11,0,11,0,0,0,83,49,132
POA6575,0,20,20,39,3,42,5,0,5,13,0,13,7,0,7,0,0,0,64,23,87
POA6603,0,138,138,131,14,145,60,0,60,55,0,55,14,0,14,21,0,21,281,152,433
POA6606,0,33,33,56,0,56,21,0,21,11,0,11,7,0,7,0,0,0,95,33,128
POA6608,0,17,17,36,3,39,13,0,13,7,0,7,10,0,10,3,0,3,69,20,89
POA6609,0,75,75,68,4,72,26,0,26,22,0,22,12,0,12,13,0,13,141,79,220
POA6612,0,23,23,34,0,34,16,0,16,7,0,7,8,0,8,3,0,3,68,23,91
POA6620,0,12,12,25,3,28,5,0,5,12,0,12,4,0,4,4,0,4,50,15,65
POA6623,0,116,116,130,7,137,55,0,55,64,0,64,30,0,30,17,0,17,296,123,419
POA6628,0,15,15,19,0,19,10,0,10,12,0,12,8,0,8,0,0,0,49,15,64
POA6630,0,50,50,54,10,64,17,0,17,17,0,17,8,0,8,11,0,11,107,60,167
POA6635,0,21,21,32,0,32,7,0,7,17,0,17,4,0,4,9,0,9,69,21,90
POA6638,0,66,66,43,7,50,41,0,41,13,0,13,8,0,8,15,0,15,120,73,193
POA6639,0,15,15,20,0,20,3,0,3,6,0,6,0,0,0,0,0,0,29,15,44
POA6640,0,46,46,34,0,34,9,0,9,5,0,5,4,0,4,4,0,4,56,46,102
POA6642,0,103,103,85,9,94,38,0,38,20,0,20,18,0,18,26,0,26,187,112,299
POA6646,0,26,26,27,4,31,14,0,14,6,0,6,9,0,9,25,0,25,81,30,111
POA6701,0,576,576,601,45,646,253,6,259,250,0,250,128,0,128,91,0,91,1323,627,1950
POA6705,0,23,23,19,0,19,11,0,11,3,0,3,5,0,5,11,0,11,49,23,72
POA6707,0,226,226,316,38,354,111,5,116,119,0,119,37,3,40,16,0,16,599,272,871
POA6710,0,104,104,93,8,101,24,0,24,30,0,30,19,0,19,13,0,13,179,112,291
POA6713,0,51,51,94,8,102,62,5,67,75,3,78,24,0,24,4,0,4,259,67,326
POA6714,0,744,744,1179,143,1322,661,43,704,897,9,906,350,4,354,178,5,183,3265,948,4213
POA6716,0,50,50,43,0,43,27,0,27,48,0,48,17,0,17,3,0,3,138,50,188
POA6718,0,33,33,57,4,61,32,0,32,17,4,21,15,0,15,51,0,51,172,41,213
POA6720,0,92,92,125,14,139,86,9,95,117,0,117,55,0,55,34,0,34,417,115,532
POA6721,0,291,291,341,39,380,177,13,190,187,0,187,86,0,86,37,0,37,828,343,1171
POA6722,0,450,450,705,106,811,435,26,461,413,12,425,246,3,249,153,0,153,1952,597,2549
POA6725,0,720,720,747,121,868,419,34,453,427,14,441,215,7,222,209,4,213,2017,900,2917
POA6726,0,319,319,535,78,613,261,24,285,257,10,267,104,4,108,83,0,83,1240,435,1675
POA6728,0,311,311,308,26,334,149,13,162,173,0,173,132,0,132,188,0,188,950,350,1300
POA6740,0,125,125,99,16,115,35,7,42,58,0,58,33,0,33,64,0,64,289,148,437
POA6743,0,448,448,596,77,673,233,20,253,234,5,239,118,4,122,138,0,138,1319,554,1873
POA6751,0,198,198,266,21,287,163,3,166,210,0,210,110,0,110,56,0,56,805,222,1027
POA6753,0,264,264,345,41,386,220,16,236,285,3,288,133,0,133,105,0,105,1088,324,1412
POA6754,0,100,100,114,12,126,59,3,62,87,0,87,39,0,39,19,0,19,318,115,433
POA6758,0,14,14,14,0,14,0,0,0,4,0,4,9,0,9,7,0,7,34,14,48
POA6760,0,49,49,22,3,25,3,0,3,13,0,13,13,0,13,26,0,26,77,52,129
POA6762,0,9,9,8,0,8,5,0,5,5,0,5,4,0,4,18,0,18,40,9,49
POA6765,0,79,79,90,9,99,37,0,37,52,0,52,35,0,35,55,0,55,269,88,357
POA6770,0,150,150,131,18,149,85,3,88,66,0,66,58,3,61,173,0,173,513,174,687
POA6907,0,42,42,11,6,17,4,3,7,0,0,0,4,0,4,0,0,0,19,51,70
